0.8418301601459057
0.03667780292036227
0.6414010746413297
0.5111427680224288
0.22245651964219337
0.3913047071902429
0.32156970172276944
0.35425006641229917
0.935761118561492
0.22446782124855214
0.9092224372060904
0.26317939646617694
0.3392731466609069
0.9314508965096999
0.5810978652422476
0.12232058989851691
0.6467307215699578
0.2805943064005748
0.20792691544012953
0.6003430822682067
0.1439338758208113
0.5987374724379484
0.9958174841997528
0.3780563878935125
0.8741073493196618
0.20102013154657727
0.3444179797952296
0.09165290418292604
0.8178288038371632
0.836435634811068
0.683730920904335
0.37844899410311694
0.2302718092036926
0.37853660120213595
0.6422682826023948
0.9483723173268793
0.5924600521312028
0.8549515347458165
0.14631051334864575
0.04682654655542917
0.5834229824249394
0.17987861726965249
0.9533516521407854
0.023197634090800334
0.5865894088528965
0.6304807053325531
0.6823828031238303
0.9741479249861743
0.5064504243996535
0.19111357432374076
0.6194873126635795
0.5919781355186859
0.09046851950328916
0.3785768752394265
0.4492904653088353
0.4157192212527896
0.5264049976943534
0.05708557552853766
0.5911274845127394
0.6562493086155939
0.8166829898360286
0.053416847885373375
0.0033634688577940386
0.6466139506946211
0.31909909675337667
0.09069601295719554
0.16011968609273497
0.7548601276258778
0.887141351210401
0.6735420745823137
0.4017304036879831
0.289077894541266
0.2433672823416103
0.07780179822768196
0.013575137704359586
0.5229759716011102
0.5757403489329856
0.5248588799755702
0.19750154024491606
0.4752003463648917
0.8595190116195742
0.9535125926989491
0.5658741196221133
0.4867382974650808
0.07623774962942842
0.541678020336965
0.9103546099011367
0.9581323919082452
0.3265143637317759
0.27566810707476275
0.7758400196924166
0.831862161706225
0.81486395682009
0.4165750785542025
0.8045547006019163
0.5351340772405705
0.822394290363316
0.671276991022606
0.9061129600890295
0.13445306008215385
0.07720359348816286
0.23985297986802
0.056439516884744134
0.39573138514579087
0.3824963283985694
0.6816982112915929
0.9317544777326245
0.2923243349288346
0.968878318462272
0.7193877671222668
0.6434012124212998
0.2582641072853744
0.7999874904014345
0.6823464463873895
0.5551142746707508
0.14509620967716108
0.9795623259747986
0.281638852523166
0.536396051659374
0.4081064186593262
0.48324496457717037
0.8027027017618814
0.03399055017804642
0.521357767224687
0.6698613705348447
0.604605249751372
0.028013056559366034
8.408470269579693E-4
0.4146164665951859
0.02241130849713524
0.2801149681258377
0.7011733415471947
0.25058707195088414
0.3835086383446259
0.2781331706743051
0.24366709363358974
0.6050911804066048
0.8692445019908137
0.9349936745234335
0.5322142890205851
0.07395726068563135
0.37998492065681555
0.4092098506988632
0.31832709080882715
0.6894124375319739
0.3947161236022011
0.3801353517250301
0.68779748217789
0.306254006619464
0.0555652350699517
0.7332025804834051
0.158827372802962
0.5561637797580966
0.35312532139103436
0.8886978806667242
0.8051117531422142
0.30147033727409045
0.34022770578525474
0.9421943890018967
0.44723997406378446
0.1573592343443938
0.7598117854577147
0.3755846944851009
0.4919138306260844
0.44547696819783267
0.33680140695992833
0.3447248151156517
0.440863341102287
0.8920693200179013
0.254403550479288
0.4530220447046043
0.43997434953750114
0.49024040174150385
0.012003545844327945
0.479869259060708
0.49402427098387236
0.20861391833111342
0.9448389084003509
0.7486483900050273
0.133556006074392
0.6476233667489629
0.17489112661926587
0.6910964391722967
0.38780211672438736
0.31985331259494365
0.6579432776087526
0.6931475087359384
0.8912044000948588
0.9622992161616464
0.293508494468933
0.49193467770735433
0.8309569059269435
0.17610856621391335
0.7723426386104781
0.23445598639584064
0.2291333023687937
0.7333112327094171
0.9505119694351124
0.8054786821244805
0.7453419498371744
0.09024262459222854
0.05949465820506361
0.1855769400131968
0.7844853131813465
0.0038082138178728853
0.9885526790155232
0.40976777665028863
0.1990828350220506
0.6594332900861123
0.20861855338238355
0.16303075730698835
0.28674931461769326
0.388487621180578
0.6461990002176456
0.17106710893052102
0.1008036803237059
0.8781692381042159
0.9613054651426751
0.3229743921889785
0.3156158394617815
0.7582774798618486
0.23517977218493036
0.8970828536501007
0.018182007401012723
0.5870006038110869
0.03158986446941492
0.3520203744649525
0.8335518111925663
0.5517882602244903
0.15972963795267836
0.8921427367548146
0.7341134427864858
0.6515750616663567
0.2372639320202674
0.4197866655151774
0.7313755619435731
0.7330660691091482
0.3288175795929458
0.5463731480279636
0.4037676817276411
0.5164909347052089
0.5182157839430092
0.05020888288980163
0.8751138287784641
0.6651783761090891
0.2620400723609876
0.5409042029075725
0.4258165368596154
0.02849826324336735
0.7675727626753299
0.11864585423608198
0.39242153829089477
0.41916345980604586
0.43995998915781764
0.5011336562190483
0.39111595646359076
0.6735794816708779
0.6514313729405712
0.43180992663561224
0.18684599792495016
0.2878748519650045
0.6996726436684974
0.18008139378733024
0.7221225745875081
0.6224405510615355
0.842954582609403
0.5975532227364395
0.9182163859808367
0.5242522253238863
0.7263800215343437
0.5038653077458699
0.8663265958272274
0.2289441888116479
0.3466183890144662
0.1415411430983713
0.937440195955018
0.5735495484905918
0.9417546847762162
0.0613301548466163
0.15698194212306882
0.876015990880926
0.8383883331350771
0.07784428378461694
0.9139874601242505
0.3190521696501918
0.33987431687068714
0.8698603898528585
0.7044150247856363
0.3135551400032549
0.1976074971605728
0.39048000156284446
0.14434437076979822
0.11081394316737836
0.07150849055380293
0.4994083721534246
0.9311934490854687
0.8828807711116184
0.6563772266429395
0.1329351161237582
0.7797173102158024
0.5969454721910935
0.8275386332048207
0.8867691686480889
0.6144356644431309
0.2722450540455794
0.2422117327676898
0.102700646404153
0.46126864730776274
0.6269850358318635
0.32229257071895256
0.42213316477816965
0.54854321773158
0.6979446086779731
0.43974783830537534
0.2978500182684881
0.10116545306613567
0.7468831920623719
0.4275748705906607
0.13994778870855717
0.19163640666058013
0.6555611411658631
0.24729117923489208
0.6126921398248318
0.7977226496032022
0.05513242374612204
0.7581742235555052
0.09611950838109029
0.9089749087986159
0.6358629537153168
0.05398023735967339
0.47953022283568036
0.12292133525627424
0.4395730499127205
0.7596291217649904
0.2635874735007453
0.6766445035770409
0.4498981048063444
0.013348957114384441
0.4135579774674977
0.2705841949061676
0.4644066728270848
0.5990331846011193
0.5282999398228142
0.3587910977534652
0.05781083501465534
0.8390698359732728
0.667924140795866
0.803488581971814
0.426948390421687
0.40966108463130047
0.6176248254507964
0.9216834771529215
0.04591246005966576
0.1986583534164994
0.4559967800455811
0.9876990543900732
0.35364897758391234
0.6901967600864404
0.04322557376608027
0.19788589830626513
0.14653772781722685
0.1309199796650914
0.4478585470494165
0.9524003608535486
0.9549184372309969
0.9093446949995145
0.3904335907427534
0.06382159262706111
0.4452181613014712
0.16292132204483722
0.4980641684427013
0.16351208592076305
0.8082819682024318
0.616605990640351
0.5361484834226847
0.14400898965040732
0.16970368982804995
0.05226613609970443
0.8116912959233683
0.949366330251107
0.2893997732540389
0.6100000019333418
0.6272974641617618
0.4052512178848887
0.2053633378545201
0.3304581541958719
0.005716142655651013
0.06672962712833508
0.020481880843475686
0.961513210339749
0.9018850505648789
0.2540606823505266
0.7314968921083421
0.07313119796663559
0.7727450524988272
0.54545038956864
0.8556291283198945
0.9510563229581597
0.6846643139618528
5.996722346933714E-4
0.6230883090476689
0.5729284900863777
0.10413334618280023
0.30001302212184966
0.6726318899894428
0.20971082974050181
0.13946096280405207
0.8024183581546003
0.5125322393730004
0.8408120266046293
0.2795224644520472
0.24628007361816528
0.490757317689722
0.6230465822718788
0.6101815510868202
0.45127134852516504
0.6558650202307534
0.11158339633719327
0.07982699816888295
0.9117035575184071
0.6840567742024389
0.795291216229706
0.6325370013199316
0.6162941868726097
0.9980312957599836
0.7793972885249696
0.9307024838365399
0.777286927878893
0.3097245177100091
0.12513301822330525
0.9485127247005793
0.4068209074385316
0.08171748996343797
0.4390489038940949
0.9335256662917194
0.8395785023127881
0.8210387588318031
0.7939381708881528
0.10561650565939174
0.36812397876073244
0.694283493719853
0.9588165624821029
0.9909178909602793
0.13097825954330933
0.6844167370416615
0.21716401418883968
0.47293553029152435
0.2733578494330968
0.39732366325880375
0.7606407159131368
0.48384354349254854
0.18663849745681693
0.6701146027262431
0.7597491897497127
0.7560337928985515
0.324987373576742
0.33338854406908613
0.7334206351351791
0.20731419172135523
0.6962401972947887
0.8361036101247995
0.7662622242108692
0.3427209099759144
0.628982322774147
0.9543984399136775
0.4552100632587154
0.5217299975819698
0.8289261237850953
0.4746539960058095
0.20658947058253907
0.06172398565358106
0.055059269449066695
0.5662801589658716
0.6500930225534126
0.9268897021375607
0.9696717990464147
0.5411573415159082
0.48794403065075165
0.1862934014624863
0.8462521304003232
0.8343580641902153
0.05552099818700118
0.5157001329511764
0.8553758047492969
0.33471921673964
0.23397668916602954
0.7647740179722133
0.5910924841089271
0.644030916445032
0.1258928889286186
0.01461687222397734
0.34895058762062126
0.4500529575595329
0.08177008798723595
0.6101728772393199
0.42168106228533053
0.9612655256714543
0.24815879093861193
0.36784689337969956
0.3396948874988315
0.27020596457309065
0.7974974465837995
0.5307548861611926
0.550931626133811
0.5874385123812336
0.3952290421199576
0.07234488647146153
0.5082293132039764
0.5196498281416183
0.26152722843179765
0.6336973834103173
0.5122683968327907
0.9530575300843757
0.39296964530736345
0.7206341620472816
0.9442759693631052
0.6472654234583156
0.1237546797275102
0.7838352265060404
0.715058347565638
0.34489313911016317
0.22656532640585436
0.4584834887719679
0.855563845719562
0.05875436166694248
0.1799417070091509
0.5495273091492908
0.17905971286526934
0.21105246639577402
0.0620316363275516
0.31447129833413356
0.8561405516917602
0.46800776955513523
0.7698464298923227
0.21767604851978894
0.5611676873309728
0.438526176972186
0.9086570920681263
0.6084680839447739
0.5723724876895923
0.8869640744263227
0.7479233912221621
0.7099308197164372
0.8377389302510923
0.7477396905558986
0.09815689243150583
0.8960688059357717
0.5549138347883817
0.023486640014450888
0.8273759024087535
0.4821067950840344
0.2557757513324448
0.5986401466244214
0.006319121787929816
0.1560060339072179
0.7349264170156271
0.10679274378094872
0.34834158820516314
0.7388504114761647
0.41625158661953043
0.2528501780439305
0.6929250891326403
0.17757534835927058
0.9128309147079932
0.40996507673427107
0.7709926608487381
0.545582558118957
0.6028586919584714
0.8864198997694933
0.3857246636762397
0.35510429005098465
0.01787140123741382
0.9890769804399713
0.44433177175818395
0.6697509390935623
0.7194594321207405
0.8977082397414907
0.9842481126729719
0.3464959106352573
0.12677397213640418
0.4084626992191851
0.4514651569715791
0.2334226807503047
0.44952272624096623
0.8049249961468924
0.009235682697566694
0.30287826496638703
0.4797808205232569
0.471663944159864
0.5821338425614555
0.5092486455229325
0.5008261261636241
0.37786465131146874
0.6734659904926513
0.6263912637078383
0.9823410866507649
0.2275839351799348
0.7332845442557149
0.4418304852030225
0.04870572165225062
0.8983634530514646
0.9997646061583985
0.4631418168547775
0.9307398131274042
0.7713802997231052
0.28846140748012206
0.726521693977289
0.7411343565065702
0.6940108459048816
0.1619741406755737
0.3883587538542008
0.9499459238526853
0.6096277931608197
0.27679961855411583
0.5276942828837168
0.8789097907476279
0.3396465917075431
0.4746669597633342
0.9907786819052128
0.38196086368941273
0.6092825249548891
0.36240250264225615
0.16850167288759565
0.6342340752272784
0.1711746395823427
0.7073817839088731
0.3132941265612478
0.612948898870947
0.7999785736979093
0.9648831019401458
0.374169718806021
0.4209651554239383
0.006225345577174912
0.6491655424394245
0.3568949895569248
0.0774304543958857
0.5491883845133528
0.061851454816372775
0.9008465879418076
0.7798221272431419
0.2161968859531106
0.09920161481385159
0.10493486914700023
0.9278195703646493
0.8797781523074122
0.47412914308401866
0.6320432193908638
0.39182540745396666
0.5442075314135396
0.7093057301467852
0.7747531810225631
0.6075870546760602
0.9494896216073814
0.6844719481436675
0.4746950357299127
0.0832529361060671
0.3134896039241032
0.35407081460472856
0.25368460274019544
0.8163301532680803
0.9618792159060129
0.49058211611623614
0.6368768193131203
0.9353938300205735
0.9207567014577516
0.9544420502365146
0.9264870106972418
0.6050303823760236
0.028246039005344725
0.04319148248949334
0.11920147703858253
0.8623805823478532
0.7590752879862314
0.9305032188106941
0.35121885889420257
0.5897804557511155
0.7500799369509156
0.06999659131813762
0.5019341662289732
0.2703811453290027
0.9647719285785332
0.7092559593006901
0.4905979359271977
0.5222618395540074
0.541560693663287
0.33622703714956215
0.35985303447853134
0.6614321477162644
0.6329074382909584
0.9631727220176544
0.45587195026261607
0.7052539200201817
0.961639869232756
0.6426285744971079
0.8868878002415277
0.2951944126258791
0.39584909804946533
0.5053050107789581
0.9702327535770261
0.9914562644577929
0.5752363763359178
0.9116418281521609
0.5625673301568405
0.27191218374076154
0.5094723775723072
0.016728046289539278
0.008805240810329629
0.3539050277301041
0.11307702806848074
0.16255811190399339
0.9423076708517811
0.6498571287789637
0.841523221676075
0.03210307704559201
0.32224226732865846
0.2662649177278398
0.9497133836209907
0.4264335838394766
0.9035715794610885
0.4605385355958923
0.40667230276025346
0.8591386572023338
0.8009566143944142
0.3812778837423232
0.16924622194941674
0.9015429254165973
0.9299309286478477
0.7349607325833417
0.3427922734616625
0.3577320059566267
0.8870215892091097
0.24564972517788108
0.7382885302829993
0.900153839539132
0.2650631272197993
0.9042093498989868
0.4729896085384071
0.7545719243483822
0.49077117896770495
0.03965603038354526
0.555698777205565
0.3874035324746714
0.01871293957837472
0.18764722222139807
0.8479219731171598
0.9189843318774601
0.11913133773951556
0.5797486504931131
0.39861531989981114
0.16305858660205474
0.556650927050311
0.8320014676078338
0.9129324455930783
0.7758016380696725
0.1727132287568368
0.07244364866701891
0.0343233204099892
0.9869393962809885
0.7566595590630542
0.31462307214109897
0.19453204640624355
0.7810374658740165
0.6187002318943617
0.3577725778255916
0.017485534602552755
0.19879020875146003
0.9625785971934137
0.8741998369398881
0.6507614763008264
0.6361476663532665
0.4965593973595047
0.6305777813979886
0.9422679687005885
0.6333765458527494
0.7184406733908086
0.9822044120996736
0.07996364195073802
0.6666589999890201
0.9636090138156769
0.877933205097934
0.16889190863262582
0.8815905641819101
0.6147285089423742
0.6183583560949442
0.23249801411900528
0.5409468934499024
0.8374732625312687
0.5209720475499022
0.29414356294080624
0.19834628594371495
0.8287849413504286
0.4633934758232775
0.5199280609584976
0.2549431777574468
0.8424554693141932
0.9994022832914549
0.885372176288493
0.608045354969486
0.1914071088320235
0.3723919446155959
0.4662132561066632
0.558555432765195
0.016860903473003952
0.2869914530306025
0.24750845780933295
0.008395153299255886
0.8616558478523668
0.7419861628204453
0.29543653910345224
0.24957883643495404
0.9883007473231495
0.5763020452565399
0.24263420368959188
0.32335985084829466
0.9419117353582276
0.6346997912314226
0.3005988544449556
0.010882106572847605
0.07400798431370248
0.6209584692018536
0.4316342951241011
0.0060263204099954
0.6152089875853064
0.7737110784277824
0.8880116244501945
0.7166484409596824
0.4131970304588014
0.4737270699144228
0.057462673743956305
0.4421656469783465
0.636878386335358
0.7713199048467687
0.441818789704169
0.3834530658900086
0.5884978645997248
0.6086904313062702
0.639553140380179
0.05527190287166217
0.26253058615808134
0.2043996125036388
0.40317945851911763
0.19195833630729608
0.44349628101615657
0.6657971124637819
0.19890661651438402
0.16385892509138078
0.9444109211795013
0.4001149314192144
0.20864235959283994
0.2550077814827707
0.05341116147359781
0.30606813014177536
0.3833858111382117
0.8917969377609547
0.37815720657288565
0.04518739204589406
0.9822435341868061
0.05790041940494062
0.05594039767606129
0.9157414146822223
0.012748611997602022
0.6824697486280619
0.7319914373470866
0.9819891845746742
0.1258584545523238
0.7466262942431031
0.7993063686615853
0.14763563423649306
0.8129515984290859
0.21753420601297047
0.140376901800092
0.8047469661728205
0.20233959514555544
0.6898449400314725
0.01453249235099574
0.5380141898488351
0.3592548383019796
0.7910627420438331
0.7941719177864782
0.11913686760738096
0.7559712021531994
0.990387568475025
0.9689819122496427
0.6872314244804612
0.49765906079985045
0.43985060660535724
0.2093113738704252
0.5785516713129607
0.964771863186534
0.8720645275615108
0.3081895926433831
0.7424413046395801
0.7642067326335917
0.3806689233154311
0.5060472313589206
0.06032174763507547
0.2691767493255104
0.11755920886033988
0.043019278169306396
0.17065075925777673
0.5716781070677319
0.5552446429649309
0.7807795641675841
0.5951708181650518
0.3716303772397497
0.983189525509695
0.389176285628671
0.06039825485303518
0.18321358708779978
0.33374896531954223
0.9025090764469031
0.9131878274239872
0.25162126437923216
0.2663184740487079
0.4161075466696442
0.4403392477274345
0.7423934795409545
0.6775751482566301
0.3159424141509901
0.7195961333727693
0.09068976454578903
0.45119464132573106
0.7123200256695069
0.35301948712057873
0.8793066827433753
0.31218738689470016
0.6832816053574224
0.06360143956669795
0.25194030037599224
0.10900441550869922
0.5241490283014635
0.6721176983080818
0.6621392726279127
0.7108213315111943
0.44672887846505116
0.41359940376022786
0.7085891682878434
0.9779166357687437
0.07500727924655815
0.9014387164237181
0.9138144330679471
0.9398183813915834
0.6437379323080197
0.3020245469460525
0.5660793484886937
0.3989013279043456
0.02214632178874143
0.44393826471843234
0.16321485191314888
0.6663740328328555
0.5570432127866803
0.6531213901834638
0.5722933689369284
0.03310349144518854
0.2579612593146188
0.07906082801442871
0.7505189315155409
0.8794825451042313
0.03149809869029874
0.15691925693569686
0.7603955887996197
0.0365534439419648
0.5128704436099901
0.6366717480123082
0.8561819576332955
0.1248581951376262
0.5397535140593298
0.302691973744996
0.6188352110690037
0.11799472523420018
0.4668006903904568
0.10586474534031598
0.4730936425458936
0.3046151537826922
0.32880816033479776
0.9351836163924688
0.4330410248015363
0.15561094074248139
0.3263103198621995
0.6669262259716626
0.5914430596082102
0.34248669398321274
0.22946146095947317
0.44688164613017467
0.6933394325115417
0.29843291165559804
0.07437990984620868
0.3847376588553716
0.11582245213237563
0.26536539863123587
0.960700672448696
0.9696186501877379
0.7136267557326313
0.7282070416724088
0.849903498846327
0.5518969726046814
0.2841010008802044
0.501945264720234
0.011053336551926085
0.17878406839383598
